20366
12 3 2 13 
0 6 1 5 
10 7 14 15 
11 9 8 4 
-------------------------------
372
12 3 2 13 
0 6 1 5 
10 7 14 15 
11 9 8 4 

  |
  v

371
12 3 2 13 
6 0 1 5 
10 7 14 15 
11 9 8 4 

  |
  v

370
12 3 2 13 
6 1 0 5 
10 7 14 15 
11 9 8 4 

  |
  v

369
12 3 2 13 
6 1 14 5 
10 7 0 15 
11 9 8 4 

  |
  v

368
12 3 2 13 
6 1 14 5 
10 0 7 15 
11 9 8 4 

  |
  v

367
12 3 2 13 
6 1 14 5 
0 10 7 15 
11 9 8 4 

  |
  v

366
12 3 2 13 
6 1 14 5 
11 10 7 15 
0 9 8 4 

  |
  v

365
12 3 2 13 
6 1 14 5 
11 10 7 0 
15 9 8 4 

  |
  v

364
12 3 2 13 
6 1 14 5 
11 10 0 7 
15 9 8 4 

  |
  v

363
12 3 2 13 
6 1 14 5 
11 0 10 7 
15 9 8 4 

  |
  v

362
12 3 2 13 
6 1 14 5 
0 11 10 7 
15 9 8 4 

  |
  v

361
12 3 2 13 
0 1 14 5 
6 11 10 7 
15 9 8 4 

  |
  v

360
12 3 2 13 
1 0 14 5 
6 11 10 7 
15 9 8 4 

  |
  v

359
12 3 2 13 
1 11 14 5 
6 0 10 7 
15 9 8 4 

  |
  v

358
12 3 2 13 
1 11 14 5 
0 6 10 7 
15 9 8 4 

  |
  v

357
12 3 2 13 
1 11 14 5 
15 6 10 7 
0 9 8 4 

  |
  v

356
12 3 2 13 
1 11 14 5 
15 6 10 0 
7 9 8 4 

  |
  v

355
12 3 2 13 
1 11 14 5 
15 6 0 10 
7 9 8 4 

  |
  v

354
12 3 2 13 
1 11 14 5 
15 0 6 10 
7 9 8 4 

  |
  v

353
12 3 2 13 
1 0 14 5 
15 11 6 10 
7 9 8 4 

  |
  v

352
12 3 2 13 
1 14 0 5 
15 11 6 10 
7 9 8 4 

  |
  v

351
12 3 2 13 
1 14 5 0 
15 11 6 10 
7 9 8 4 

  |
  v

350
12 3 2 13 
1 14 5 15 
0 11 6 10 
7 9 8 4 

  |
  v

349
12 3 2 13 
1 14 5 15 
11 0 6 10 
7 9 8 4 

  |
  v

348
12 3 2 13 
1 14 5 15 
11 6 0 10 
7 9 8 4 

  |
  v

347
12 3 2 13 
1 14 5 15 
11 6 10 0 
7 9 8 4 

  |
  v

346
12 3 2 13 
1 14 5 0 
11 6 10 15 
7 9 8 4 

  |
  v

345
12 3 2 13 
1 14 0 5 
11 6 10 15 
7 9 8 4 

  |
  v

344
12 3 2 13 
1 0 14 5 
11 6 10 15 
7 9 8 4 

  |
  v

343
12 3 2 13 
0 1 14 5 
11 6 10 15 
7 9 8 4 

  |
  v

342
0 3 2 13 
12 1 14 5 
11 6 10 15 
7 9 8 4 

  |
  v

341
3 0 2 13 
12 1 14 5 
11 6 10 15 
7 9 8 4 

  |
  v

340
3 1 2 13 
12 0 14 5 
11 6 10 15 
7 9 8 4 

  |
  v

339
3 1 2 13 
12 14 0 5 
11 6 10 15 
7 9 8 4 

  |
  v

338
3 1 2 13 
12 14 10 5 
11 6 0 15 
7 9 8 4 

  |
  v

337
3 1 2 13 
12 14 10 5 
11 6 15 0 
7 9 8 4 

  |
  v

336
3 1 2 13 
12 14 10 5 
11 6 15 4 
7 9 8 0 

  |
  v

335
3 1 2 13 
12 14 10 5 
11 6 15 4 
7 9 0 8 

  |
  v

334
3 1 2 13 
12 14 10 5 
11 6 15 4 
7 0 9 8 

  |
  v

333
3 1 2 13 
12 14 10 5 
11 0 15 4 
7 6 9 8 

  |
  v

332
3 1 2 13 
12 14 10 5 
11 15 0 4 
7 6 9 8 

  |
  v

331
3 1 2 13 
12 14 0 5 
11 15 10 4 
7 6 9 8 

  |
  v

330
3 1 2 13 
12 14 5 0 
11 15 10 4 
7 6 9 8 

  |
  v

329
3 1 2 13 
12 14 5 4 
11 15 10 0 
7 6 9 8 

  |
  v

328
3 1 2 13 
12 14 5 4 
11 15 0 10 
7 6 9 8 

  |
  v

327
3 1 2 13 
12 14 5 4 
11 0 15 10 
7 6 9 8 

  |
  v

326
3 1 2 13 
12 14 5 4 
11 6 15 10 
7 0 9 8 

  |
  v

325
3 1 2 13 
12 14 5 4 
11 6 15 10 
0 7 9 8 

  |
  v

324
3 1 2 13 
12 14 5 4 
11 6 15 0 
10 7 9 8 

  |
  v

323
3 1 2 13 
12 14 5 4 
11 6 0 15 
10 7 9 8 

  |
  v

322
3 1 2 13 
12 14 5 4 
11 0 6 15 
10 7 9 8 

  |
  v

321
3 1 2 13 
12 14 5 4 
0 11 6 15 
10 7 9 8 

  |
  v

320
3 1 2 13 
12 14 5 0 
4 11 6 15 
10 7 9 8 

  |
  v

319
3 1 2 13 
12 14 0 5 
4 11 6 15 
10 7 9 8 

  |
  v

318
3 1 2 13 
12 0 14 5 
4 11 6 15 
10 7 9 8 

  |
  v

317
3 1 2 13 
0 12 14 5 
4 11 6 15 
10 7 9 8 

  |
  v

316
3 1 2 13 
4 12 14 5 
0 11 6 15 
10 7 9 8 

  |
  v

315
3 1 2 13 
4 12 14 0 
5 11 6 15 
10 7 9 8 

  |
  v

314
3 1 2 0 
4 12 14 13 
5 11 6 15 
10 7 9 8 

  |
  v

313
3 1 2 4 
0 12 14 13 
5 11 6 15 
10 7 9 8 

  |
  v

312
3 1 2 4 
12 0 14 13 
5 11 6 15 
10 7 9 8 

  |
  v

311
3 1 2 4 
12 14 0 13 
5 11 6 15 
10 7 9 8 

  |
  v

310
3 1 2 4 
12 14 13 0 
5 11 6 15 
10 7 9 8 

  |
  v

309
3 1 2 4 
12 14 13 5 
0 11 6 15 
10 7 9 8 

  |
  v

308
3 1 2 4 
12 14 13 5 
11 0 6 15 
10 7 9 8 

  |
  v

307
3 1 2 4 
12 0 13 5 
11 14 6 15 
10 7 9 8 

  |
  v

306
3 1 2 4 
12 13 0 5 
11 14 6 15 
10 7 9 8 

  |
  v

305
3 1 2 4 
12 13 5 0 
11 14 6 15 
10 7 9 8 

  |
  v

304
3 1 2 4 
12 13 5 15 
11 14 6 0 
10 7 9 8 

  |
  v

303
3 1 2 4 
12 13 5 15 
11 14 0 6 
10 7 9 8 

  |
  v

302
3 1 2 4 
12 13 5 15 
11 0 14 6 
10 7 9 8 

  |
  v

301
3 1 2 4 
12 13 5 15 
0 11 14 6 
10 7 9 8 

  |
  v

300
3 1 2 4 
12 13 5 0 
15 11 14 6 
10 7 9 8 

  |
  v

299
3 1 2 4 
12 13 0 5 
15 11 14 6 
10 7 9 8 

  |
  v

298
3 1 2 4 
12 13 14 5 
15 11 0 6 
10 7 9 8 

  |
  v

297
3 1 2 4 
12 13 14 5 
15 11 9 6 
10 7 0 8 

  |
  v

296
3 1 2 4 
12 13 14 5 
15 11 9 6 
10 0 7 8 

  |
  v

295
3 1 2 4 
12 13 14 5 
15 11 9 6 
0 10 7 8 

  |
  v

294
3 1 2 4 
12 13 14 5 
0 11 9 6 
15 10 7 8 

  |
  v

293
3 1 2 4 
12 13 14 5 
11 0 9 6 
15 10 7 8 

  |
  v

292
3 1 2 4 
12 13 14 5 
11 9 0 6 
15 10 7 8 

  |
  v

291
3 1 2 4 
12 13 14 5 
11 9 6 0 
15 10 7 8 

  |
  v

290
3 1 2 4 
12 13 14 5 
11 9 6 15 
0 10 7 8 

  |
  v

289
3 1 2 4 
12 13 14 5 
11 9 6 15 
10 0 7 8 

  |
  v

288
3 1 2 4 
12 13 14 5 
11 0 6 15 
10 9 7 8 

  |
  v

287
3 1 2 4 
12 13 14 5 
11 6 0 15 
10 9 7 8 

  |
  v

286
3 1 2 4 
12 13 14 5 
11 6 15 0 
10 9 7 8 

  |
  v

285
3 1 2 4 
12 13 14 5 
11 6 15 8 
10 9 7 0 

  |
  v

284
3 1 2 4 
12 13 14 5 
11 6 15 8 
10 9 0 7 

  |
  v

283
3 1 2 4 
12 13 14 5 
11 6 15 8 
10 0 9 7 

  |
  v

282
3 1 2 4 
12 13 14 5 
11 0 15 8 
10 6 9 7 

  |
  v

281
3 1 2 4 
12 13 14 5 
11 15 0 8 
10 6 9 7 

  |
  v

280
3 1 2 4 
12 13 14 5 
11 15 8 0 
10 6 9 7 

  |
  v

279
3 1 2 4 
12 13 14 5 
11 15 8 10 
0 6 9 7 

  |
  v

278
3 1 2 4 
12 13 14 5 
11 15 8 10 
6 0 9 7 

  |
  v

277
3 1 2 4 
12 13 14 5 
11 15 8 10 
6 9 0 7 

  |
  v

276
3 1 2 4 
12 13 14 5 
11 15 0 10 
6 9 8 7 

  |
  v

275
3 1 2 4 
12 13 14 5 
11 0 15 10 
6 9 8 7 

  |
  v

274
3 1 2 4 
12 13 14 5 
0 11 15 10 
6 9 8 7 

  |
  v

273
3 1 2 4 
12 13 14 5 
6 11 15 10 
0 9 8 7 

  |
  v

272
3 1 2 4 
12 13 14 5 
6 11 15 0 
10 9 8 7 

  |
  v

271
3 1 2 4 
12 13 14 5 
6 11 0 15 
10 9 8 7 

  |
  v

270
3 1 2 4 
12 13 14 5 
6 0 11 15 
10 9 8 7 

  |
  v

269
3 1 2 4 
12 13 14 5 
0 6 11 15 
10 9 8 7 

  |
  v

268
3 1 2 4 
12 13 14 0 
5 6 11 15 
10 9 8 7 

  |
  v

267
3 1 2 4 
12 13 14 15 
5 6 11 0 
10 9 8 7 

  |
  v

266
3 1 2 4 
12 13 14 15 
5 6 0 11 
10 9 8 7 

  |
  v

265
3 1 2 4 
12 13 14 15 
5 0 6 11 
10 9 8 7 

  |
  v

264
3 1 2 4 
12 13 14 15 
0 5 6 11 
10 9 8 7 

  |
  v

263
3 1 2 4 
12 13 14 0 
15 5 6 11 
10 9 8 7 

  |
  v

262
3 1 2 4 
12 13 14 11 
15 5 6 0 
10 9 8 7 

  |
  v

261
3 1 2 4 
12 13 14 11 
15 5 0 6 
10 9 8 7 

  |
  v

260
3 1 2 4 
12 13 14 11 
15 0 5 6 
10 9 8 7 

  |
  v

259
3 1 2 4 
12 13 14 11 
0 15 5 6 
10 9 8 7 

  |
  v

258
3 1 2 4 
12 13 14 0 
11 15 5 6 
10 9 8 7 

  |
  v

257
3 1 2 4 
12 13 0 14 
11 15 5 6 
10 9 8 7 

  |
  v

256
3 1 2 4 
12 13 5 14 
11 15 0 6 
10 9 8 7 

  |
  v

255
3 1 2 4 
12 13 5 14 
11 0 15 6 
10 9 8 7 

  |
  v

254
3 1 2 4 
12 13 5 14 
0 11 15 6 
10 9 8 7 

  |
  v

253
3 1 2 4 
0 13 5 14 
12 11 15 6 
10 9 8 7 

  |
  v

252
3 1 2 4 
13 0 5 14 
12 11 15 6 
10 9 8 7 

  |
  v

251
3 1 2 4 
13 5 0 14 
12 11 15 6 
10 9 8 7 

  |
  v

250
3 1 2 4 
13 5 14 0 
12 11 15 6 
10 9 8 7 

  |
  v

249
3 1 2 4 
13 5 14 12 
0 11 15 6 
10 9 8 7 

  |
  v

248
3 1 2 4 
13 5 14 12 
11 0 15 6 
10 9 8 7 

  |
  v

247
3 1 2 4 
13 0 14 12 
11 5 15 6 
10 9 8 7 

  |
  v

246
3 1 2 4 
0 13 14 12 
11 5 15 6 
10 9 8 7 

  |
  v

245
0 1 2 4 
3 13 14 12 
11 5 15 6 
10 9 8 7 

  |
  v

244
1 0 2 4 
3 13 14 12 
11 5 15 6 
10 9 8 7 

  |
  v

243
1 2 0 4 
3 13 14 12 
11 5 15 6 
10 9 8 7 

  |
  v

242
1 2 4 0 
3 13 14 12 
11 5 15 6 
10 9 8 7 

  |
  v

241
1 2 4 3 
0 13 14 12 
11 5 15 6 
10 9 8 7 

  |
  v

240
1 2 4 3 
13 0 14 12 
11 5 15 6 
10 9 8 7 

  |
  v

239
1 2 4 3 
13 5 14 12 
11 0 15 6 
10 9 8 7 

  |
  v

238
1 2 4 3 
13 5 14 12 
0 11 15 6 
10 9 8 7 

  |
  v

237
1 2 4 3 
13 5 14 0 
12 11 15 6 
10 9 8 7 

  |
  v

236
1 2 4 3 
13 5 0 14 
12 11 15 6 
10 9 8 7 

  |
  v

235
1 2 4 3 
13 0 5 14 
12 11 15 6 
10 9 8 7 

  |
  v

234
1 2 4 3 
0 13 5 14 
12 11 15 6 
10 9 8 7 

  |
  v

233
1 2 4 3 
12 13 5 14 
0 11 15 6 
10 9 8 7 

  |
  v

232
1 2 4 3 
12 13 5 14 
11 0 15 6 
10 9 8 7 

  |
  v

231
1 2 4 3 
12 13 5 14 
11 15 0 6 
10 9 8 7 

  |
  v

230
1 2 4 3 
12 13 0 14 
11 15 5 6 
10 9 8 7 

  |
  v

229
1 2 4 3 
12 13 14 0 
11 15 5 6 
10 9 8 7 

  |
  v

228
1 2 4 3 
12 13 14 6 
11 15 5 0 
10 9 8 7 

  |
  v

227
1 2 4 3 
12 13 14 6 
11 15 0 5 
10 9 8 7 

  |
  v

226
1 2 4 3 
12 13 14 6 
11 0 15 5 
10 9 8 7 

  |
  v

225
1 2 4 3 
12 13 14 6 
0 11 15 5 
10 9 8 7 

  |
  v

224
1 2 4 3 
12 13 14 0 
6 11 15 5 
10 9 8 7 

  |
  v

223
1 2 4 3 
12 13 14 5 
6 11 15 0 
10 9 8 7 

  |
  v

222
1 2 4 3 
12 13 14 5 
6 11 0 15 
10 9 8 7 

  |
  v

221
1 2 4 3 
12 13 14 5 
6 0 11 15 
10 9 8 7 

  |
  v

220
1 2 4 3 
12 13 14 5 
0 6 11 15 
10 9 8 7 

  |
  v

219
1 2 4 3 
12 13 14 0 
5 6 11 15 
10 9 8 7 

  |
  v

218
1 2 4 3 
12 13 0 14 
5 6 11 15 
10 9 8 7 

  |
  v

217
1 2 4 3 
12 13 11 14 
5 6 0 15 
10 9 8 7 

  |
  v

216
1 2 4 3 
12 13 11 14 
5 0 6 15 
10 9 8 7 

  |
  v

215
1 2 4 3 
12 13 11 14 
0 5 6 15 
10 9 8 7 

  |
  v

214
1 2 4 3 
12 13 11 0 
14 5 6 15 
10 9 8 7 

  |
  v

213
1 2 4 3 
12 13 11 15 
14 5 6 0 
10 9 8 7 

  |
  v

212
1 2 4 3 
12 13 11 15 
14 5 0 6 
10 9 8 7 

  |
  v

211
1 2 4 3 
12 13 0 15 
14 5 11 6 
10 9 8 7 

  |
  v

210
1 2 4 3 
12 13 15 0 
14 5 11 6 
10 9 8 7 

  |
  v

209
1 2 4 3 
12 13 15 14 
0 5 11 6 
10 9 8 7 

  |
  v

208
1 2 4 3 
12 13 15 14 
5 0 11 6 
10 9 8 7 

  |
  v

207
1 2 4 3 
12 13 15 14 
5 11 0 6 
10 9 8 7 

  |
  v

206
1 2 4 3 
12 13 0 14 
5 11 15 6 
10 9 8 7 

  |
  v

205
1 2 0 3 
12 13 4 14 
5 11 15 6 
10 9 8 7 

  |
  v

204
1 2 3 0 
12 13 4 14 
5 11 15 6 
10 9 8 7 

  |
  v

203
1 2 3 12 
0 13 4 14 
5 11 15 6 
10 9 8 7 

  |
  v

202
1 2 3 12 
13 0 4 14 
5 11 15 6 
10 9 8 7 

  |
  v

201
1 2 3 12 
13 4 0 14 
5 11 15 6 
10 9 8 7 

  |
  v

200
1 2 3 12 
13 4 14 0 
5 11 15 6 
10 9 8 7 

  |
  v

199
1 2 3 12 
13 4 14 5 
0 11 15 6 
10 9 8 7 

  |
  v

198
1 2 3 12 
0 4 14 5 
13 11 15 6 
10 9 8 7 

  |
  v

197
1 2 3 12 
4 0 14 5 
13 11 15 6 
10 9 8 7 

  |
  v

196
1 2 3 12 
4 14 0 5 
13 11 15 6 
10 9 8 7 

  |
  v

195
1 2 3 12 
4 14 5 0 
13 11 15 6 
10 9 8 7 

  |
  v

194
1 2 3 12 
4 14 5 13 
0 11 15 6 
10 9 8 7 

  |
  v

193
1 2 3 12 
4 14 5 13 
11 0 15 6 
10 9 8 7 

  |
  v

192
1 2 3 12 
4 0 5 13 
11 14 15 6 
10 9 8 7 

  |
  v

191
1 2 3 12 
4 5 0 13 
11 14 15 6 
10 9 8 7 

  |
  v

190
1 2 3 12 
4 5 13 0 
11 14 15 6 
10 9 8 7 

  |
  v

189
1 2 3 12 
4 5 13 11 
0 14 15 6 
10 9 8 7 

  |
  v

188
1 2 3 12 
4 5 13 11 
14 0 15 6 
10 9 8 7 

  |
  v

187
1 2 3 12 
4 0 13 11 
14 5 15 6 
10 9 8 7 

  |
  v

186
1 2 3 12 
4 13 0 11 
14 5 15 6 
10 9 8 7 

  |
  v

185
1 2 3 12 
4 13 11 0 
14 5 15 6 
10 9 8 7 

  |
  v

184
1 2 3 12 
4 13 11 14 
0 5 15 6 
10 9 8 7 

  |
  v

183
1 2 3 12 
4 13 11 14 
5 0 15 6 
10 9 8 7 

  |
  v

182
1 2 3 12 
4 13 11 14 
5 15 0 6 
10 9 8 7 

  |
  v

181
1 2 3 12 
4 13 0 14 
5 15 11 6 
10 9 8 7 

  |
  v

180
1 2 3 12 
4 13 14 0 
5 15 11 6 
10 9 8 7 

  |
  v

179
1 2 3 12 
4 13 14 6 
5 15 11 0 
10 9 8 7 

  |
  v

178
1 2 3 12 
4 13 14 6 
5 15 0 11 
10 9 8 7 

  |
  v

177
1 2 3 12 
4 13 14 6 
5 0 15 11 
10 9 8 7 

  |
  v

176
1 2 3 12 
4 13 14 6 
0 5 15 11 
10 9 8 7 

  |
  v

175
1 2 3 12 
4 13 14 0 
6 5 15 11 
10 9 8 7 

  |
  v

174
1 2 3 12 
4 13 14 11 
6 5 15 0 
10 9 8 7 

  |
  v

173
1 2 3 12 
4 13 14 11 
6 5 0 15 
10 9 8 7 

  |
  v

172
1 2 3 12 
4 13 14 11 
6 0 5 15 
10 9 8 7 

  |
  v

171
1 2 3 12 
4 13 14 11 
0 6 5 15 
10 9 8 7 

  |
  v

170
1 2 3 12 
4 13 14 0 
11 6 5 15 
10 9 8 7 

  |
  v

169
1 2 3 12 
4 13 0 14 
11 6 5 15 
10 9 8 7 

  |
  v

168
1 2 3 12 
4 13 5 14 
11 6 0 15 
10 9 8 7 

  |
  v

167
1 2 3 12 
4 13 5 14 
11 0 6 15 
10 9 8 7 

  |
  v

166
1 2 3 12 
4 13 5 14 
0 11 6 15 
10 9 8 7 

  |
  v

165
1 2 3 12 
4 13 5 0 
14 11 6 15 
10 9 8 7 

  |
  v

164
1 2 3 12 
4 13 5 15 
14 11 6 0 
10 9 8 7 

  |
  v

163
1 2 3 12 
4 13 5 15 
14 11 0 6 
10 9 8 7 

  |
  v

162
1 2 3 12 
4 13 5 15 
14 0 11 6 
10 9 8 7 

  |
  v

161
1 2 3 12 
4 13 5 15 
0 14 11 6 
10 9 8 7 

  |
  v

160
1 2 3 12 
4 13 5 0 
15 14 11 6 
10 9 8 7 

  |
  v

159
1 2 3 12 
4 13 0 5 
15 14 11 6 
10 9 8 7 

  |
  v

158
1 2 3 12 
4 13 11 5 
15 14 0 6 
10 9 8 7 

  |
  v

157
1 2 3 12 
4 13 11 5 
15 0 14 6 
10 9 8 7 

  |
  v

156
1 2 3 12 
4 13 11 5 
0 15 14 6 
10 9 8 7 

  |
  v

155
1 2 3 12 
4 13 11 0 
5 15 14 6 
10 9 8 7 

  |
  v

154
1 2 3 12 
4 13 0 11 
5 15 14 6 
10 9 8 7 

  |
  v

153
1 2 3 12 
4 13 14 11 
5 15 0 6 
10 9 8 7 

  |
  v

152
1 2 3 12 
4 13 14 11 
5 0 15 6 
10 9 8 7 

  |
  v

151
1 2 3 12 
4 13 14 11 
0 5 15 6 
10 9 8 7 

  |
  v

150
1 2 3 12 
4 13 14 0 
11 5 15 6 
10 9 8 7 

  |
  v

149
1 2 3 0 
4 13 14 12 
11 5 15 6 
10 9 8 7 

  |
  v

148
1 2 3 4 
0 13 14 12 
11 5 15 6 
10 9 8 7 

  |
  v

147
1 2 3 4 
13 0 14 12 
11 5 15 6 
10 9 8 7 

  |
  v

146
1 2 3 4 
13 5 14 12 
11 0 15 6 
10 9 8 7 

  |
  v

145
1 2 3 4 
13 5 14 12 
0 11 15 6 
10 9 8 7 

  |
  v

144
1 2 3 4 
13 5 14 0 
12 11 15 6 
10 9 8 7 

  |
  v

143
1 2 3 4 
13 5 0 14 
12 11 15 6 
10 9 8 7 

  |
  v

142
1 2 3 4 
13 0 5 14 
12 11 15 6 
10 9 8 7 

  |
  v

141
1 2 3 4 
0 13 5 14 
12 11 15 6 
10 9 8 7 

  |
  v

140
1 2 3 4 
12 13 5 14 
0 11 15 6 
10 9 8 7 

  |
  v

139
1 2 3 4 
12 13 5 14 
11 0 15 6 
10 9 8 7 

  |
  v

138
1 2 3 4 
12 13 5 14 
11 15 0 6 
10 9 8 7 

  |
  v

137
1 2 3 4 
12 13 0 14 
11 15 5 6 
10 9 8 7 

  |
  v

136
1 2 3 4 
12 13 14 0 
11 15 5 6 
10 9 8 7 

  |
  v

135
1 2 3 4 
12 13 14 6 
11 15 5 0 
10 9 8 7 

  |
  v

134
1 2 3 4 
12 13 14 6 
11 15 0 5 
10 9 8 7 

  |
  v

133
1 2 3 4 
12 13 14 6 
11 0 15 5 
10 9 8 7 

  |
  v

132
1 2 3 4 
12 13 14 6 
0 11 15 5 
10 9 8 7 

  |
  v

131
1 2 3 4 
12 13 14 0 
6 11 15 5 
10 9 8 7 

  |
  v

130
1 2 3 4 
12 13 14 5 
6 11 15 0 
10 9 8 7 

  |
  v

129
1 2 3 4 
12 13 14 5 
6 11 15 10 
0 9 8 7 

  |
  v

128
1 2 3 4 
12 13 14 5 
0 11 15 10 
6 9 8 7 

  |
  v

127
1 2 3 4 
12 13 14 5 
11 0 15 10 
6 9 8 7 

  |
  v

126
1 2 3 4 
12 13 14 5 
11 15 0 10 
6 9 8 7 

  |
  v

125
1 2 3 4 
12 13 0 5 
11 15 14 10 
6 9 8 7 

  |
  v

124
1 2 3 4 
12 13 5 0 
11 15 14 10 
6 9 8 7 

  |
  v

123
1 2 3 4 
12 13 5 11 
0 15 14 10 
6 9 8 7 

  |
  v

122
1 2 3 4 
12 13 5 11 
15 0 14 10 
6 9 8 7 

  |
  v

121
1 2 3 4 
12 13 5 11 
15 14 0 10 
6 9 8 7 

  |
  v

120
1 2 3 4 
12 13 5 11 
15 14 10 0 
6 9 8 7 

  |
  v

119
1 2 3 4 
12 13 5 11 
15 14 10 6 
0 9 8 7 

  |
  v

118
1 2 3 4 
12 13 5 11 
0 14 10 6 
15 9 8 7 

  |
  v

117
1 2 3 4 
12 13 5 0 
11 14 10 6 
15 9 8 7 

  |
  v

116
1 2 3 4 
12 13 0 5 
11 14 10 6 
15 9 8 7 

  |
  v

115
1 2 3 4 
12 0 13 5 
11 14 10 6 
15 9 8 7 

  |
  v

114
1 2 3 4 
12 14 13 5 
11 0 10 6 
15 9 8 7 

  |
  v

113
1 2 3 4 
12 14 13 5 
0 11 10 6 
15 9 8 7 

  |
  v

112
1 2 3 4 
12 14 13 5 
15 11 10 6 
0 9 8 7 

  |
  v

111
1 2 3 4 
12 14 13 5 
15 11 10 0 
6 9 8 7 

  |
  v

110
1 2 3 4 
12 14 13 5 
15 11 0 10 
6 9 8 7 

  |
  v

109
1 2 3 4 
12 14 13 5 
15 0 11 10 
6 9 8 7 

  |
  v

108
1 2 3 4 
12 14 13 5 
0 15 11 10 
6 9 8 7 

  |
  v

107
1 2 3 4 
12 14 13 5 
6 15 11 10 
0 9 8 7 

  |
  v

106
1 2 3 4 
12 14 13 5 
6 15 11 0 
10 9 8 7 

  |
  v

105
1 2 3 4 
12 14 13 5 
6 15 0 11 
10 9 8 7 

  |
  v

104
1 2 3 4 
12 14 13 5 
6 0 15 11 
10 9 8 7 

  |
  v

103
1 2 3 4 
12 14 13 5 
0 6 15 11 
10 9 8 7 

  |
  v

102
1 2 3 4 
12 14 13 0 
5 6 15 11 
10 9 8 7 

  |
  v

101
1 2 3 4 
12 14 13 11 
5 6 15 0 
10 9 8 7 

  |
  v

100
1 2 3 4 
12 14 13 11 
5 6 0 15 
10 9 8 7 

  |
  v

99
1 2 3 4 
12 14 13 11 
5 0 6 15 
10 9 8 7 

  |
  v

98
1 2 3 4 
12 0 13 11 
5 14 6 15 
10 9 8 7 

  |
  v

97
1 2 3 4 
12 13 0 11 
5 14 6 15 
10 9 8 7 

  |
  v

96
1 2 3 4 
12 13 11 0 
5 14 6 15 
10 9 8 7 

  |
  v

95
1 2 3 4 
12 13 11 5 
0 14 6 15 
10 9 8 7 

  |
  v

94
1 2 3 4 
12 13 11 5 
14 0 6 15 
10 9 8 7 

  |
  v

93
1 2 3 4 
12 13 11 5 
14 6 0 15 
10 9 8 7 

  |
  v

92
1 2 3 4 
12 13 0 5 
14 6 11 15 
10 9 8 7 

  |
  v

91
1 2 3 4 
12 13 5 0 
14 6 11 15 
10 9 8 7 

  |
  v

90
1 2 3 4 
12 13 5 14 
0 6 11 15 
10 9 8 7 

  |
  v

89
1 2 3 4 
12 13 5 14 
6 0 11 15 
10 9 8 7 

  |
  v

88
1 2 3 4 
12 13 5 14 
6 11 0 15 
10 9 8 7 

  |
  v

87
1 2 3 4 
12 13 5 14 
6 11 15 0 
10 9 8 7 

  |
  v

86
1 2 3 4 
12 13 5 14 
6 11 15 10 
0 9 8 7 

  |
  v

85
1 2 3 4 
12 13 5 14 
0 11 15 10 
6 9 8 7 

  |
  v

84
1 2 3 4 
12 13 5 14 
11 0 15 10 
6 9 8 7 

  |
  v

83
1 2 3 4 
12 13 5 14 
11 15 0 10 
6 9 8 7 

  |
  v

82
1 2 3 4 
12 13 0 14 
11 15 5 10 
6 9 8 7 

  |
  v

81
1 2 3 4 
12 13 14 0 
11 15 5 10 
6 9 8 7 

  |
  v

80
1 2 3 4 
12 13 14 11 
0 15 5 10 
6 9 8 7 

  |
  v

79
1 2 3 4 
12 13 14 11 
6 15 5 10 
0 9 8 7 

  |
  v

78
1 2 3 4 
12 13 14 11 
6 15 5 0 
10 9 8 7 

  |
  v

77
1 2 3 4 
12 13 14 11 
6 15 0 5 
10 9 8 7 

  |
  v

76
1 2 3 4 
12 13 14 11 
6 0 15 5 
10 9 8 7 

  |
  v

75
1 2 3 4 
12 13 14 11 
0 6 15 5 
10 9 8 7 

  |
  v

74
1 2 3 4 
12 13 14 0 
11 6 15 5 
10 9 8 7 

  |
  v

73
1 2 3 4 
12 13 14 5 
11 6 15 0 
10 9 8 7 

  |
  v

72
1 2 3 4 
12 13 14 5 
11 6 0 15 
10 9 8 7 

  |
  v

71
1 2 3 4 
12 13 14 5 
11 0 6 15 
10 9 8 7 

  |
  v

70
1 2 3 4 
12 13 14 5 
0 11 6 15 
10 9 8 7 

  |
  v

69
1 2 3 4 
12 13 14 5 
10 11 6 15 
0 9 8 7 

  |
  v

68
1 2 3 4 
12 13 14 5 
10 11 6 0 
15 9 8 7 

  |
  v

67
1 2 3 4 
12 13 14 5 
10 11 0 6 
15 9 8 7 

  |
  v

66
1 2 3 4 
12 13 14 5 
10 0 11 6 
15 9 8 7 

  |
  v

65
1 2 3 4 
12 13 14 5 
0 10 11 6 
15 9 8 7 

  |
  v

64
1 2 3 4 
12 13 14 5 
15 10 11 6 
0 9 8 7 

  |
  v

63
1 2 3 4 
12 13 14 5 
15 10 11 0 
6 9 8 7 

  |
  v

62
1 2 3 4 
12 13 14 5 
15 10 0 11 
6 9 8 7 

  |
  v

61
1 2 3 4 
12 13 14 5 
15 0 10 11 
6 9 8 7 

  |
  v

60
1 2 3 4 
12 13 14 5 
0 15 10 11 
6 9 8 7 

  |
  v

59
1 2 3 4 
12 13 14 0 
5 15 10 11 
6 9 8 7 

  |
  v

58
1 2 3 4 
12 13 14 11 
5 15 10 0 
6 9 8 7 

  |
  v

57
1 2 3 4 
12 13 14 11 
5 15 0 10 
6 9 8 7 

  |
  v

56
1 2 3 4 
12 13 14 11 
5 0 15 10 
6 9 8 7 

  |
  v

55
1 2 3 4 
12 13 14 11 
0 5 15 10 
6 9 8 7 

  |
  v

54
1 2 3 4 
12 13 14 11 
6 5 15 10 
0 9 8 7 

  |
  v

53
1 2 3 4 
12 13 14 11 
6 5 15 0 
10 9 8 7 

  |
  v

52
1 2 3 4 
12 13 14 11 
6 5 0 15 
10 9 8 7 

  |
  v

51
1 2 3 4 
12 13 14 11 
6 0 5 15 
10 9 8 7 

  |
  v

50
1 2 3 4 
12 13 14 11 
0 6 5 15 
10 9 8 7 

  |
  v

49
1 2 3 4 
12 13 14 0 
11 6 5 15 
10 9 8 7 

  |
  v

48
1 2 3 4 
12 13 0 14 
11 6 5 15 
10 9 8 7 

  |
  v

47
1 2 3 4 
12 13 5 14 
11 6 0 15 
10 9 8 7 

  |
  v

46
1 2 3 4 
12 13 5 14 
11 0 6 15 
10 9 8 7 

  |
  v

45
1 2 3 4 
12 13 5 14 
0 11 6 15 
10 9 8 7 

  |
  v

44
1 2 3 4 
12 13 5 0 
14 11 6 15 
10 9 8 7 

  |
  v

43
1 2 3 4 
12 13 5 15 
14 11 6 0 
10 9 8 7 

  |
  v

42
1 2 3 4 
12 13 5 15 
14 11 0 6 
10 9 8 7 

  |
  v

41
1 2 3 4 
12 13 5 15 
14 0 11 6 
10 9 8 7 

  |
  v

40
1 2 3 4 
12 13 5 15 
0 14 11 6 
10 9 8 7 

  |
  v

39
1 2 3 4 
12 13 5 0 
15 14 11 6 
10 9 8 7 

  |
  v

38
1 2 3 4 
12 13 0 5 
15 14 11 6 
10 9 8 7 

  |
  v

37
1 2 3 4 
12 13 11 5 
15 14 0 6 
10 9 8 7 

  |
  v

36
1 2 3 4 
12 13 11 5 
15 0 14 6 
10 9 8 7 

  |
  v

35
1 2 3 4 
12 13 11 5 
0 15 14 6 
10 9 8 7 

  |
  v

34
1 2 3 4 
12 13 11 0 
5 15 14 6 
10 9 8 7 

  |
  v

33
1 2 3 4 
12 13 0 11 
5 15 14 6 
10 9 8 7 

  |
  v

32
1 2 3 4 
12 13 14 11 
5 15 0 6 
10 9 8 7 

  |
  v

31
1 2 3 4 
12 13 14 11 
5 0 15 6 
10 9 8 7 

  |
  v

30
1 2 3 4 
12 0 14 11 
5 13 15 6 
10 9 8 7 

  |
  v

29
1 2 3 4 
12 14 0 11 
5 13 15 6 
10 9 8 7 

  |
  v

28
1 2 3 4 
12 14 11 0 
5 13 15 6 
10 9 8 7 

  |
  v

27
1 2 3 4 
12 14 11 5 
0 13 15 6 
10 9 8 7 

  |
  v

26
1 2 3 4 
12 14 11 5 
13 0 15 6 
10 9 8 7 

  |
  v

25
1 2 3 4 
12 14 11 5 
13 15 0 6 
10 9 8 7 

  |
  v

24
1 2 3 4 
12 14 0 5 
13 15 11 6 
10 9 8 7 

  |
  v

23
1 2 3 4 
12 0 14 5 
13 15 11 6 
10 9 8 7 

  |
  v

22
1 2 3 4 
0 12 14 5 
13 15 11 6 
10 9 8 7 

  |
  v

21
1 2 3 4 
13 12 14 5 
0 15 11 6 
10 9 8 7 

  |
  v

20
1 2 3 4 
13 12 14 0 
5 15 11 6 
10 9 8 7 

  |
  v

19
1 2 3 4 
13 12 0 14 
5 15 11 6 
10 9 8 7 

  |
  v

18
1 2 3 4 
13 12 11 14 
5 15 0 6 
10 9 8 7 

  |
  v

17
1 2 3 4 
13 12 11 14 
5 0 15 6 
10 9 8 7 

  |
  v

16
1 2 3 4 
13 12 11 14 
0 5 15 6 
10 9 8 7 

  |
  v

15
1 2 3 4 
13 12 11 0 
14 5 15 6 
10 9 8 7 

  |
  v

14
1 2 3 4 
13 12 0 11 
14 5 15 6 
10 9 8 7 

  |
  v

13
1 2 3 4 
13 0 12 11 
14 5 15 6 
10 9 8 7 

  |
  v

12
1 2 3 4 
13 5 12 11 
14 0 15 6 
10 9 8 7 

  |
  v

11
1 2 3 4 
13 5 12 11 
0 14 15 6 
10 9 8 7 

  |
  v

10
1 2 3 4 
13 5 12 0 
11 14 15 6 
10 9 8 7 

  |
  v

9
1 2 3 4 
13 5 0 12 
11 14 15 6 
10 9 8 7 

  |
  v

8
1 2 3 4 
13 0 5 12 
11 14 15 6 
10 9 8 7 

  |
  v

7
1 2 3 4 
13 14 5 12 
11 0 15 6 
10 9 8 7 

  |
  v

6
1 2 3 4 
13 14 5 12 
0 11 15 6 
10 9 8 7 

  |
  v

5
1 2 3 4 
13 14 5 0 
12 11 15 6 
10 9 8 7 

  |
  v

4
1 2 3 4 
13 14 0 5 
12 11 15 6 
10 9 8 7 

  |
  v

3
1 2 3 4 
13 0 14 5 
12 11 15 6 
10 9 8 7 

  |
  v

2
1 2 3 4 
0 13 14 5 
12 11 15 6 
10 9 8 7 

  |
  v

1
1 2 3 4 
12 13 14 5 
0 11 15 6 
10 9 8 7 

  |
  v

0
1 2 3 4 
12 13 14 5 
11 0 15 6 
10 9 8 7 
